0,1
0,2
1,0
1,2
2,0
2,1
3,4
3,5
3,6
3,7
3,8
3,9
3,10
3,172
3,173
3,174
3,175
4,3
4,5
4,6
4,7
4,8
4,9
4,10
5,3
5,4
5,6
5,7
5,8
5,9
5,10
6,3
6,4
6,5
6,7
6,8
6,9
6,10
7,3
7,4
7,5
7,6
7,8
7,9
7,10
8,3
8,4
8,5
8,6
8,7
8,9
8,10
9,3
9,4
9,5
9,6
9,7
9,8
9,10
10,3
10,4
10,5
10,6
10,7
10,8
10,9
11,12
11,13
11,14
11,15
11,16
11,17
12,11
12,13
12,14
12,15
12,16
12,17
13,11
13,12
13,14
13,15
13,16
13,17
14,11
14,12
14,13
14,15
14,16
14,17
15,11
15,12
15,13
15,14
15,16
15,17
16,11
16,12
16,13
16,14
16,15
16,17
17,11
17,12
17,13
17,14
17,15
17,16
18,19
18,263
19,18
19,312
20,21
20,22
20,23
20,24
20,263
20,330
20,31
20,306
20,305
21,20
21,22
21,23
21,24
22,20
22,21
22,23
22,24
23,20
23,21
23,22
23,24
24,20
24,21
24,22
24,23
25,26
25,27
25,28
25,29
25,30
26,25
26,27
26,28
26,29
26,30
27,25
27,26
27,28
27,29
27,30
28,25
28,26
28,27
28,29
28,30
29,25
29,26
29,27
29,28
29,30
30,25
30,26
30,27
30,28
30,29
31,32
31,33
31,34
31,35
31,263
31,330
31,20
31,306
31,305
32,31
32,33
32,34
32,35
33,31
33,32
33,34
33,35
34,31
34,32
34,33
34,35
35,31
35,32
35,33
35,34
36,37
36,254
37,36
38,39
38,40
38,41
38,42
38,43
39,38
39,40
39,41
39,42
39,43
40,38
40,39
40,41
40,42
40,43
41,38
41,39
41,40
41,42
41,43
42,38
42,39
42,40
42,41
42,43
43,38
43,39
43,40
43,41
43,42
44,45
44,46
44,47
44,48
44,86
44,87
44,88
44,89
44,90
45,44
45,46
45,47
45,48
46,44
46,45
46,47
46,48
47,44
47,45
47,46
47,48
48,44
48,45
48,46
48,47
49,50
49,51
49,52
49,53
49,54
49,55
49,56
49,289
49,290
49,291
49,117
49,292
50,49
50,51
50,52
50,53
50,54
50,55
50,56
51,49
51,50
51,52
51,53
51,54
51,55
51,56
52,49
52,50
52,51
52,53
52,54
52,55
52,56
53,49
53,50
53,51
53,52
53,54
53,55
53,56
54,49
54,50
54,51
54,52
54,53
54,55
54,56
55,49
55,50
55,51
55,52
55,53
55,54
55,56
56,49
56,50
56,51
56,52
56,53
56,54
56,55
57,58
58,57
58,276
59,60
59,61
59,62
59,63
60,59
60,61
60,62
60,63
61,59
61,60
61,62
61,63
62,59
62,60
62,61
62,63
63,59
63,60
63,61
63,62
64,65
64,66
64,67
64,68
64,69
64,70
64,71
65,64
65,66
65,67
65,68
65,69
65,70
65,71
66,64
66,65
66,67
66,68
66,69
66,70
66,71
67,64
67,65
67,66
67,68
67,69
67,70
67,71
68,64
68,65
68,66
68,67
68,69
68,70
68,71
69,64
69,65
69,66
69,67
69,68
69,70
69,71
70,64
70,65
70,66
70,67
70,68
70,69
70,71
71,64
71,65
71,66
71,67
71,68
71,69
71,70
72,73
72,74
72,75
72,76
72,77
72,78
72,79
72,96
72,97
72,98
72,99
72,100
72,101
72,102
72,103
72,104
72,105
72,106
72,107
73,72
73,74
73,75
73,76
73,77
73,78
73,79
74,72
74,73
74,75
74,76
74,77
74,78
74,79
75,72
75,73
75,74
75,76
75,77
75,78
75,79
76,72
76,73
76,74
76,75
76,77
76,78
76,79
77,72
77,73
77,74
77,75
77,76
77,78
77,79
78,72
78,73
78,74
78,75
78,76
78,77
78,79
79,72
79,73
79,74
79,75
79,76
79,77
79,78
80,81
80,82
80,83
80,84
80,85
80,254
81,80
81,82
81,83
81,84
81,85
82,80
82,81
82,83
82,84
82,85
83,80
83,81
83,82
83,84
83,85
84,80
84,81
84,82
84,83
84,85
84,176
84,177
84,178
84,179
85,80
85,81
85,82
85,83
85,84
85,232
85,233
85,234
85,235
86,87
86,88
86,44
86,89
86,90
87,86
87,88
87,44
87,89
87,90
87,319
87,320
87,321
87,322
87,323
87,324
87,325
88,86
88,87
88,44
88,89
88,90
89,86
89,87
89,88
89,44
89,90
90,86
90,87
90,88
90,44
90,89
91,92
91,93
91,94
91,95
92,91
92,93
92,94
92,95
93,91
93,92
93,94
93,95
94,91
94,92
94,93
94,95
95,91
95,92
95,93
95,94
96,97
96,98
96,99
96,72
96,100
96,101
96,102
96,103
96,104
96,105
96,106
96,107
97,96
97,98
97,99
97,72
97,100
97,101
97,102
97,103
97,104
97,105
97,106
97,107
98,96
98,97
98,99
98,72
98,100
98,101
98,102
98,103
98,104
98,105
98,106
98,107
99,96
99,97
99,98
99,72
99,100
99,101
99,102
99,103
99,104
99,105
99,106
99,107
99,224
99,225
99,226
100,96
100,97
100,98
100,99
100,72
100,101
100,102
100,103
100,104
100,105
100,106
100,107
101,96
101,97
101,98
101,99
101,72
101,100
101,102
101,103
101,104
101,105
101,106
101,107
102,96
102,97
102,98
102,99
102,72
102,100
102,101
102,103
102,104
102,105
102,106
102,107
103,96
103,97
103,98
103,99
103,72
103,100
103,101
103,102
103,104
103,105
103,106
103,107
104,96
104,97
104,98
104,99
104,72
104,100
104,101
104,102
104,103
104,105
104,106
104,107
105,96
105,97
105,98
105,99
105,72
105,100
105,101
105,102
105,103
105,104
105,106
105,107
106,96
106,97
106,98
106,99
106,72
106,100
106,101
106,102
106,103
106,104
106,105
106,107
107,96
107,97
107,98
107,99
107,72
107,100
107,101
107,102
107,103
107,104
107,105
107,106
108,109
108,110
108,111
108,112
108,113
108,114
108,115
108,156
108,180
108,181
108,182
109,108
109,110
109,111
109,112
109,113
109,114
109,115
110,108
110,109
110,111
110,112
110,113
110,114
110,115
111,108
111,109
111,110
111,112
111,113
111,114
111,115
112,108
112,109
112,110
112,111
112,113
112,114
112,115
113,108
113,109
113,110
113,111
113,112
113,114
113,115
114,108
114,109
114,110
114,111
114,112
114,113
114,115
115,108
115,109
115,110
115,111
115,112
115,113
115,114
116,117
116,118
116,119
116,120
116,121
116,122
117,116
117,118
117,119
117,120
117,121
117,122
117,289
117,49
117,290
117,291
117,292
118,116
118,117
118,119
118,120
118,121
118,122
119,116
119,117
119,118
119,120
119,121
119,122
120,116
120,117
120,118
120,119
120,121
120,122
121,116
121,117
121,118
121,119
121,120
121,122
122,116
122,117
122,118
122,119
122,120
122,121
123,124
123,125
123,126
124,123
124,125
124,126
125,123
125,124
125,126
126,123
126,124
126,125
127,128
127,129
127,130
127,131
128,127
128,129
128,130
128,131
129,127
129,128
129,130
129,131
130,127
130,128
130,129
130,131
131,127
131,128
131,129
131,130
132,133
132,134
132,135
132,136
133,132
133,134
133,135
133,136
134,132
134,133
134,135
134,136
135,132
135,133
135,134
135,136
136,132
136,133
136,134
136,135
137,138
137,139
137,140
137,141
137,142
137,143
138,137
138,139
138,140
138,141
138,142
138,143
139,137
139,138
139,140
139,141
139,142
139,143
140,137
140,138
140,139
140,141
140,142
140,143
141,137
141,138
141,139
141,140
141,142
141,143
142,137
142,138
142,139
142,140
142,141
142,143
143,137
143,138
143,139
143,140
143,141
143,142
144,145
145,144
146,147
146,148
146,149
146,150
146,151
146,152
146,153
147,146
147,148
147,149
147,150
147,151
147,152
147,153
148,146
148,147
148,149
148,150
148,151
148,152
148,153
149,146
149,147
149,148
149,150
149,151
149,152
149,153
150,146
150,147
150,148
150,149
150,151
150,152
150,153
151,146
151,147
151,148
151,149
151,150
151,152
151,153
152,146
152,147
152,148
152,149
152,150
152,151
152,153
153,146
153,147
153,148
153,149
153,150
153,151
153,152
154,155
154,191
154,192
154,193
154,194
154,195
154,196
154,197
154,198
154,199
154,200
154,201
154,202
154,203
154,204
154,205
154,206
155,154
156,157
156,158
156,159
156,160
156,180
156,108
156,181
156,182
157,156
157,158
157,159
157,160
158,156
158,157
158,159
158,160
159,156
159,157
159,158
159,160
160,156
160,157
160,158
160,159
161,162
161,163
161,164
161,165
162,161
162,163
162,164
162,165
163,161
163,162
163,164
163,165
164,161
164,162
164,163
164,165
165,161
165,162
165,163
165,164
166,167
166,168
166,169
166,170
166,171
167,166
167,168
167,169
167,170
167,171
168,166
168,167
168,169
168,170
168,171
169,166
169,167
169,168
169,170
169,171
170,166
170,167
170,168
170,169
170,171
171,166
171,167
171,168
171,169
171,170
172,173
172,3
172,174
172,175
172,216
172,217
172,218
172,219
173,172
173,3
173,174
173,175
173,326
173,327
173,328
173,329
174,172
174,173
174,3
174,175
175,172
175,173
175,3
175,174
175,277
175,278
175,279
175,280
175,281
175,282
175,283
175,284
175,285
175,286
175,287
175,288
176,84
176,177
176,178
176,179
177,84
177,176
177,178
177,179
178,84
178,176
178,177
178,179
179,84
179,176
179,177
179,178
180,156
180,108
180,181
180,182
180,344
180,345
180,346
180,347
181,156
181,180
181,108
181,182
182,156
182,180
182,108
182,181
182,238
182,239
182,240
182,241
182,242
182,243
182,244
182,245
182,246
182,247
182,248
182,249
182,250
182,251
182,252
182,253
183,184
183,185
183,186
183,187
183,188
183,189
183,190
184,183
184,185
184,186
184,187
184,188
184,189
184,190
185,183
185,184
185,186
185,187
185,188
185,189
185,190
186,183
186,184
186,185
186,187
186,188
186,189
186,190
187,183
187,184
187,185
187,186
187,188
187,189
187,190
188,183
188,184
188,185
188,186
188,187
188,189
188,190
189,183
189,184
189,185
189,186
189,187
189,188
189,190
190,183
190,184
190,185
190,186
190,187
190,188
190,189
191,192
191,193
191,154
191,194
191,195
191,196
191,197
191,198
191,199
191,200
191,201
191,202
191,203
191,204
191,205
191,206
192,191
192,193
192,154
192,194
192,195
192,196
192,197
192,198
192,199
192,200
192,201
192,202
192,203
192,204
192,205
192,206
193,191
193,192
193,154
193,194
193,195
193,196
193,197
193,198
193,199
193,200
193,201
193,202
193,203
193,204
193,205
193,206
194,191
194,192
194,193
194,154
194,195
194,196
194,197
194,198
194,199
194,200
194,201
194,202
194,203
194,204
194,205
194,206
195,191
195,192
195,193
195,154
195,194
195,196
195,197
195,198
195,199
195,200
195,201
195,202
195,203
195,204
195,205
195,206
196,191
196,192
196,193
196,154
196,194
196,195
196,197
196,198
196,199
196,200
196,201
196,202
196,203
196,204
196,205
196,206
197,191
197,192
197,193
197,154
197,194
197,195
197,196
197,198
197,199
197,200
197,201
197,202
197,203
197,204
197,205
197,206
198,191
198,192
198,193
198,154
198,194
198,195
198,196
198,197
198,199
198,200
198,201
198,202
198,203
198,204
198,205
198,206
199,191
199,192
199,193
199,154
199,194
199,195
199,196
199,197
199,198
199,200
199,201
199,202
199,203
199,204
199,205
199,206
200,191
200,192
200,193
200,154
200,194
200,195
200,196
200,197
200,198
200,199
200,201
200,202
200,203
200,204
200,205
200,206
201,191
201,192
201,193
201,154
201,194
201,195
201,196
201,197
201,198
201,199
201,200
201,202
201,203
201,204
201,205
201,206
202,191
202,192
202,193
202,154
202,194
202,195
202,196
202,197
202,198
202,199
202,200
202,201
202,203
202,204
202,205
202,206
203,191
203,192
203,193
203,154
203,194
203,195
203,196
203,197
203,198
203,199
203,200
203,201
203,202
203,204
203,205
203,206
204,191
204,192
204,193
204,154
204,194
204,195
204,196
204,197
204,198
204,199
204,200
204,201
204,202
204,203
204,205
204,206
205,191
205,192
205,193
205,154
205,194
205,195
205,196
205,197
205,198
205,199
205,200
205,201
205,202
205,203
205,204
205,206
206,191
206,192
206,193
206,154
206,194
206,195
206,196
206,197
206,198
206,199
206,200
206,201
206,202
206,203
206,204
206,205
207,208
207,209
207,210
207,211
207,212
207,213
208,207
208,209
208,210
208,211
208,212
208,213
209,207
209,208
209,210
209,211
209,212
209,213
210,207
210,208
210,209
210,211
210,212
210,213
211,207
211,208
211,209
211,210
211,212
211,213
212,207
212,208
212,209
212,210
212,211
212,213
213,207
213,208
213,209
213,210
213,211
213,212
214,215
215,214
216,172
216,217
216,218
216,219
217,172
217,216
217,218
217,219
218,172
218,216
218,217
218,219
219,172
219,216
219,217
219,218
220,221
220,222
220,223
220,224
220,271
220,272
220,273
220,274
221,220
221,222
221,223
221,224
221,360
221,361
221,362
221,363
222,220
222,221
222,223
222,224
223,220
223,221
223,222
223,224
223,371
223,372
223,373
223,374
224,220
224,221
224,222
224,223
224,99
224,225
224,226
225,224
225,99
225,226
226,224
226,99
226,225
227,228
227,229
227,230
227,231
228,227
228,229
228,230
228,231
229,227
229,228
229,230
229,231
230,227
230,228
230,229
230,231
231,227
231,228
231,229
231,230
232,85
232,233
232,234
232,235
233,85
233,232
233,234
233,235
234,85
234,232
234,233
234,235
235,85
235,232
235,233
235,234
236,237
236,341
237,236
237,313
238,182
238,239
238,240
238,241
238,242
238,243
238,244
238,245
238,246
238,247
238,248
238,249
238,250
238,251
238,252
238,253
239,238
239,182
239,240
239,241
239,242
239,243
239,244
239,245
239,246
239,247
239,248
239,249
239,250
239,251
239,252
239,253
239,353
239,354
239,355
239,356
239,357
239,358
239,359
240,238
240,182
240,239
240,241
240,242
240,243
240,244
240,245
240,246
240,247
240,248
240,249
240,250
240,251
240,252
240,253
241,238
241,182
241,239
241,240
241,242
241,243
241,244
241,245
241,246
241,247
241,248
241,249
241,250
241,251
241,252
241,253
242,238
242,182
242,239
242,240
242,241
242,243
242,244
242,245
242,246
242,247
242,248
242,249
242,250
242,251
242,252
242,253
243,238
243,182
243,239
243,240
243,241
243,242
243,244
243,245
243,246
243,247
243,248
243,249
243,250
243,251
243,252
243,253
244,238
244,182
244,239
244,240
244,241
244,242
244,243
244,245
244,246
244,247
244,248
244,249
244,250
244,251
244,252
244,253
245,238
245,182
245,239
245,240
245,241
245,242
245,243
245,244
245,246
245,247
245,248
245,249
245,250
245,251
245,252
245,253
246,238
246,182
246,239
246,240
246,241
246,242
246,243
246,244
246,245
246,247
246,248
246,249
246,250
246,251
246,252
246,253
247,238
247,182
247,239
247,240
247,241
247,242
247,243
247,244
247,245
247,246
247,248
247,249
247,250
247,251
247,252
247,253
248,238
248,182
248,239
248,240
248,241
248,242
248,243
248,244
248,245
248,246
248,247
248,249
248,250
248,251
248,252
248,253
249,238
249,182
249,239
249,240
249,241
249,242
249,243
249,244
249,245
249,246
249,247
249,248
249,250
249,251
249,252
249,253
250,238
250,182
250,239
250,240
250,241
250,242
250,243
250,244
250,245
250,246
250,247
250,248
250,249
250,251
250,252
250,253
251,238
251,182
251,239
251,240
251,241
251,242
251,243
251,244
251,245
251,246
251,247
251,248
251,249
251,250
251,252
251,253
252,238
252,182
252,239
252,240
252,241
252,242
252,243
252,244
252,245
252,246
252,247
252,248
252,249
252,250
252,251
252,253
253,238
253,182
253,239
253,240
253,241
253,242
253,243
253,244
253,245
253,246
253,247
253,248
253,249
253,250
253,251
253,252
254,36
254,80
255,256
255,257
256,255
256,257
257,255
257,256
258,259
258,260
258,261
258,262
258,341
258,275
258,342
258,294
258,343
259,258
259,260
259,261
259,262
260,258
260,259
260,261
260,262
261,258
261,259
261,260
261,262
262,258
262,259
262,260
262,261
263,18
263,330
263,20
263,31
263,306
263,305
264,265
264,266
264,267
264,268
264,269
264,270
265,264
265,266
265,267
265,268
265,269
265,270
266,264
266,265
266,267
266,268
266,269
266,270
267,264
267,265
267,266
267,268
267,269
267,270
268,264
268,265
268,266
268,267
268,269
268,270
269,264
269,265
269,266
269,267
269,268
269,270
270,264
270,265
270,266
270,267
270,268
270,269
271,220
271,272
271,273
271,274
272,220
272,271
272,273
272,274
273,220
273,271
273,272
273,274
274,220
274,271
274,272
274,273
275,276
275,341
275,342
275,258
275,294
275,343
276,275
276,58
277,278
277,279
277,175
277,280
277,281
277,282
277,283
277,284
277,285
277,286
277,287
277,288
278,277
278,279
278,175
278,280
278,281
278,282
278,283
278,284
278,285
278,286
278,287
278,288
279,277
279,278
279,175
279,280
279,281
279,282
279,283
279,284
279,285
279,286
279,287
279,288
280,277
280,278
280,279
280,175
280,281
280,282
280,283
280,284
280,285
280,286
280,287
280,288
281,277
281,278
281,279
281,175
281,280
281,282
281,283
281,284
281,285
281,286
281,287
281,288
282,277
282,278
282,279
282,175
282,280
282,281
282,283
282,284
282,285
282,286
282,287
282,288
283,277
283,278
283,279
283,175
283,280
283,281
283,282
283,284
283,285
283,286
283,287
283,288
284,277
284,278
284,279
284,175
284,280
284,281
284,282
284,283
284,285
284,286
284,287
284,288
285,277
285,278
285,279
285,175
285,280
285,281
285,282
285,283
285,284
285,286
285,287
285,288
286,277
286,278
286,279
286,175
286,280
286,281
286,282
286,283
286,284
286,285
286,287
286,288
287,277
287,278
287,279
287,175
287,280
287,281
287,282
287,283
287,284
287,285
287,286
287,288
288,277
288,278
288,279
288,175
288,280
288,281
288,282
288,283
288,284
288,285
288,286
288,287
289,49
289,290
289,291
289,117
289,292
290,289
290,49
290,291
290,117
290,292
291,289
291,49
291,290
291,117
291,292
292,289
292,49
292,290
292,291
292,117
293,294
293,295
293,296
293,297
293,298
293,299
294,293
294,295
294,296
294,297
294,298
294,299
294,341
294,275
294,342
294,258
294,343
295,293
295,294
295,296
295,297
295,298
295,299
296,293
296,294
296,295
296,297
296,298
296,299
297,293
297,294
297,295
297,296
297,298
297,299
298,293
298,294
298,295
298,296
298,297
298,299
299,293
299,294
299,295
299,296
299,297
299,298
300,301
300,302
300,303
300,304
301,300
301,302
301,303
301,304
302,300
302,301
302,303
302,304
303,300
303,301
303,302
303,304
304,300
304,301
304,302
304,303
305,306
305,307
305,308
305,309
305,310
305,311
305,263
305,330
305,20
305,31
306,305
306,307
306,308
306,309
306,310
306,311
306,263
306,330
306,20
306,31
307,305
307,306
307,308
307,309
307,310
307,311
308,305
308,306
308,307
308,309
308,310
308,311
309,305
309,306
309,307
309,308
309,310
309,311
310,305
310,306
310,307
310,308
310,309
310,311
311,305
311,306
311,307
311,308
311,309
311,310
312,19
312,392
312,393
312,394
313,237
314,315
314,316
314,317
314,318
315,314
315,316
315,317
315,318
316,314
316,315
316,317
316,318
317,314
317,315
317,316
317,318
318,314
318,315
318,316
318,317
319,87
319,320
319,321
319,322
319,323
319,324
319,325
320,87
320,319
320,321
320,322
320,323
320,324
320,325
321,87
321,319
321,320
321,322
321,323
321,324
321,325
322,87
322,319
322,320
322,321
322,323
322,324
322,325
323,87
323,319
323,320
323,321
323,322
323,324
323,325
324,87
324,319
324,320
324,321
324,322
324,323
324,325
325,87
325,319
325,320
325,321
325,322
325,323
325,324
326,173
326,327
326,328
326,329
327,173
327,326
327,328
327,329
328,173
328,326
328,327
328,329
329,173
329,326
329,327
329,328
330,263
330,20
330,31
330,306
330,305
331,332
331,333
331,334
331,335
332,331
332,333
332,334
332,335
333,331
333,332
333,334
333,335
334,331
334,332
334,333
334,335
335,331
335,332
335,333
335,334
336,337
336,338
336,339
336,340
337,336
337,338
337,339
337,340
338,336
338,337
338,339
338,340
339,336
339,337
339,338
339,340
340,336
340,337
340,338
340,339
341,275
341,342
341,258
341,294
341,343
341,236
342,341
342,275
342,258
342,294
342,343
343,341
343,275
343,342
343,258
343,294
344,180
344,345
344,346
344,347
345,180
345,344
345,346
345,347
346,180
346,344
346,345
346,347
347,180
347,344
347,345
347,346
348,349
348,350
348,351
348,352
349,348
349,350
349,351
349,352
350,348
350,349
350,351
350,352
351,348
351,349
351,350
351,352
352,348
352,349
352,350
352,351
353,239
353,354
353,355
353,356
353,357
353,358
353,359
354,239
354,353
354,355
354,356
354,357
354,358
354,359
355,239
355,353
355,354
355,356
355,357
355,358
355,359
356,239
356,353
356,354
356,355
356,357
356,358
356,359
357,239
357,353
357,354
357,355
357,356
357,358
357,359
358,239
358,353
358,354
358,355
358,356
358,357
358,359
359,239
359,353
359,354
359,355
359,356
359,357
359,358
360,221
360,361
360,362
360,363
361,221
361,360
361,362
361,363
362,221
362,360
362,361
362,363
363,221
363,360
363,361
363,362
364,365
365,364
366,367
366,368
366,369
366,370
367,366
367,368
367,369
367,370
368,366
368,367
368,369
368,370
369,366
369,367
369,368
369,370
370,366
370,367
370,368
370,369
371,223
371,372
371,373
371,374
372,223
372,371
372,373
372,374
373,223
373,371
373,372
373,374
374,223
374,371
374,372
374,373
375,376
375,377
375,378
375,379
376,375
376,377
376,378
376,379
377,375
377,376
377,378
377,379
378,375
378,376
378,377
378,379
379,375
379,376
379,377
379,378
380,381
380,382
380,383
380,384
381,380
381,382
381,383
381,384
382,380
382,381
382,383
382,384
383,380
383,381
383,382
383,384
384,380
384,381
384,382
384,383
385,386
385,387
385,388
385,389
385,390
385,391
386,385
386,387
386,388
386,389
386,390
386,391
387,385
387,386
387,388
387,389
387,390
387,391
388,385
388,386
388,387
388,389
388,390
388,391
389,385
389,386
389,387
389,388
389,390
389,391
390,385
390,386
390,387
390,388
390,389
390,391
391,385
391,386
391,387
391,388
391,389
391,390
392,312
392,393
392,394
393,312
393,392
393,394
394,312
394,392
394,393
395,396
395,397
395,398
395,399
395,400
395,401
395,402
395,403
395,404
395,405
395,406
395,407
395,408
395,409
395,410
395,411
396,395
396,397
396,398
396,399
396,400
396,401
396,402
396,403
396,404
396,405
396,406
396,407
396,408
396,409
396,410
396,411
397,395
397,396
397,398
397,399
397,400
397,401
397,402
397,403
397,404
397,405
397,406
397,407
397,408
397,409
397,410
397,411
398,395
398,396
398,397
398,399
398,400
398,401
398,402
398,403
398,404
398,405
398,406
398,407
398,408
398,409
398,410
398,411
399,395
399,396
399,397
399,398
399,400
399,401
399,402
399,403
399,404
399,405
399,406
399,407
399,408
399,409
399,410
399,411
400,395
400,396
400,397
400,398
400,399
400,401
400,402
400,403
400,404
400,405
400,406
400,407
400,408
400,409
400,410
400,411
401,395
401,396
401,397
401,398
401,399
401,400
401,402
401,403
401,404
401,405
401,406
401,407
401,408
401,409
401,410
401,411
402,395
402,396
402,397
402,398
402,399
402,400
402,401
402,403
402,404
402,405
402,406
402,407
402,408
402,409
402,410
402,411
403,395
403,396
403,397
403,398
403,399
403,400
403,401
403,402
403,404
403,405
403,406
403,407
403,408
403,409
403,410
403,411
404,395
404,396
404,397
404,398
404,399
404,400
404,401
404,402
404,403
404,405
404,406
404,407
404,408
404,409
404,410
404,411
405,395
405,396
405,397
405,398
405,399
405,400
405,401
405,402
405,403
405,404
405,406
405,407
405,408
405,409
405,410
405,411
406,395
406,396
406,397
406,398
406,399
406,400
406,401
406,402
406,403
406,404
406,405
406,407
406,408
406,409
406,410
406,411
407,395
407,396
407,397
407,398
407,399
407,400
407,401
407,402
407,403
407,404
407,405
407,406
407,408
407,409
407,410
407,411
408,395
408,396
408,397
408,398
408,399
408,400
408,401
408,402
408,403
408,404
408,405
408,406
408,407
408,409
408,410
408,411
409,395
409,396
409,397
409,398
409,399
409,400
409,401
409,402
409,403
409,404
409,405
409,406
409,407
409,408
409,410
409,411
410,395
410,396
410,397
410,398
410,399
410,400
410,401
410,402
410,403
410,404
410,405
410,406
410,407
410,408
410,409
410,411
411,395
411,396
411,397
411,398
411,399
411,400
411,401
411,402
411,403
411,404
411,405
411,406
411,407
411,408
411,409
411,410
